[0, 0, 75, 75],
[0, 0, 50, 50],
[0, 0, 25, 25],
[25, 0, 50, 75],
[25, 0, 25, 50],
[25, 0, 0, 25],
[50, 0, 25, 75],
[50, 0, 0, 50],
[75, 0, 0, 75],
[0, 25, 75, 50],
[0, 25, 50, 25],
[0, 25, 25, 0],
[25, 25, 50, 50],
[25, 25, 25, 25],
[25, 25, 0, 0],
[50, 25, 25, 50],
[50, 25, 0, 25],
[0, 50, 75, 25],
[0, 50, 50, 0],
[25, 50, 50, 25],
[25, 50, 25, 0],
[75, 50, 0, 25],
[0, 75, 75, 0],
[25, 75, 50, 0],
[50, 75, 25, 0],
[75, 75, 0, 0]





 [0, 0, 33, 33],
    [0, 0, 66, 66],
    //[0, 0, 0, 0],
    [33, 0, 33, 33],
    [33, 0, 0, 0],
    [66, 0, 0, 66],
    [0, 33, 66, 33],
    [0, 33, 33, 0],
    [33, 33, 33,33],
    [33, 33, 0, 0],